Year	month	day	h	m	s	DOWNSIZER_PRECIP1	DOWNSIZER_PRECIP2	DOWNSIZER_PRECIP3	RAWS_PRECIP4	DOWNSIZER_PRECIP5	CIMIS_PRECIP6	RAWS_PRECIP7	DOWNSIZER_PRECIP8	RAWS_PRECIP9	DOWNSIZER_PRECIP10	DOWNSIZER_PRECIP11	CIMIS_PRECIP12	DOWNSIZER_PRECIP13	DOWNSIZER_PRECIP14	DOWNSIZER_PRECIP15	DOWNSIZER_TMAX1	DOWNSIZER_TMAX2	CIMIS_TMAX3	CIMIS_TMAX4	RAWS_TMAX5	DOWNSIZER_TMAX6	RAWS_TMAX7	RAWS_TMAX8	DOWNSIZER_TMIN1	DOWNSIZER_TMIN2	CIMIS_TMIN3	CIMIS_TMIN4	RAWS_TMIN5	DOWNSIZER_TMIN6	RAWS_TMIN7	RAWS_TMIN8	Runoff1	Runoff2	Runoff3	Runoff4	Runoff5	Runoff6	Runoff7	Runoff8	Runoff9	Runoff10	Runoff11	Runoff12	Runoff13	Runoff14	Runoff15	Runoff16	Runoff17	Runoff18	Runoff19	Runoff20	Runoff21	Runoff22
2023	5	8	0	0	0	8.2	7.366	4.27	2.96	7.13	4.04	5.41	5.08	3.63	5.08	2.286	2.031	4.826	4.826	4.57	19.444445	16.6	17.8	17.8	14.4	17.222221	8.9	17.2	7.7777777	5.8	6.7	6.1	6.1	7.7777777	3.3	8.9	1	1	1	1	1	1	1	1	1	1	1	1	1	1	1	1	1	1	1	1	1	1
2023	5	9	0	0	0	5.36	0	0.94	0	3.03	1.29	0	0	0	0	0	0	0	0	0.05	22.777779	15.3	22.8	20.6	17.2	20	14.4	19.4	6.6666665	6.6	3.9	3.9	7.2	5	4.4	8.3	1	1	1	1	1	1	1	1	1	1	1	1	1	1	1	1	1	1	1	1	1	1
2023	5	10	0	0	0	0	0	0	0	0	0	0	0	0	0	0	0	0	0	0	21.11111	20.3	21.7	18.3	16.7	20.555555	13.9	18.3	6.111111	6	2.8	2.2	6.1	3.8888888	8.3	7.2	1	1	1	1	1	1	1	1	1	1	1	1	1	1	1	1	1	1	1	1	1	1
2023	5	11	0	0	0	0	0	0	0	0	0	0	0	0	0	0	0	0	0	0	23.333334	20.2	25.6	18.5	18.9	22.777779	17.2	20.6	6.6666665	6	6.1	4	7.2	7.2222223	10	7.2	1	1	1	1	1	1	1	1	1	1	1	1	1	1	1	1	1	1	1	1	1	1
2023	5	12	0	0	0	0	0	0	0	0	0	0	0	0	0	0	0	0.254	0	0	27.222221	23.4	31.7	22.2	24.4	29.444445	24.4	23.9	8.333333	7.8	5	3.9	15.6	6.6666665	14.4	8.3	1	1	1	1	1	1	1	1	1	1	1	1	1	1	1	1	1	1	1	1	1	1
2023	5	13	0	0	0	0	0	0	0	0	0	0	0	0	0	0	0	0	0	0	32.22222	30.6	29.6	28.3	29.4	35.555557	28.3	28.9	9.444445	8.1	6.6	5.6	22.2	10	20.6	10	1	1	1	1	1	1	1	1	1	1	1	1	1	1	1	1	1	1	1	1	1	1
2023	5	14	0	0	0	0	0	0	0	0	0	0	0	0	0	0	0	0	0	0	22.777779	34.6	27.2	19.4	25	34.444443	26.1	20	10.555555	11.7	8.3	6.1	10	9.444445	15	10	1	1	1	1	1	1	1	1	1	1	1	1	1	1	1	1	1	1	1	1	1	1
2023	5	15	0	0	0	0	0	0	0	0	0	0	0	0	0	0	0	0	0	0	25	28.8	26.7	21.7	21.7	30	23.3	22.8	11.666667	11.2	10.6	7.2	8.3	9.444445	13.3	10.6	1	1	1	1	1	1	1	1	1	1	1	1	1	1	1	1	1	1	1	1	1	1
2023	5	16	0	0	0	0	0	0	0	0	0	0	0	0	0	0	0	0	0.254	0	30	26.9	34.4	26.7	26.7	32.22222	25.6	27.2	11.111111	11	7.2	7.8	17.2	9.444445	17.8	10	1	1	1	1	1	1	1	1	1	1	1	1	1	1	1	1	1	1	1	1	1	1
2023	5	17	0	0	0	0	0	0	0	0	0	0	0	0	0	0	0	0	0	0	27.222221	31.9	32.2	22.2	26.1	33.333332	26.1	22.8	10.555555	11.1	7.2	9.4	14.4	10	18.3	9.4	1	1	1	1	1	1	1	1	1	1	1	1	1	1	1	1	1	1	1	1	1	1
2023	5	18	0	0	0	0	0	0	0	0	0	0	0	0	0	0	0	0.254	0.254	0	26.11111	31.8	30	21.7	26.1	32.77778	22.2	22.2	10.555555	11	6.1	8.9	15	9.444445	16.1	9.4	1	1	1	1	1	1	1	1	1	1	1	1	1	1	1	1	1	1	1	1	1	1
2023	5	19	0	0	0	0	0	0	0	0	0	0	0	0	0	0	0	0	0	0	25	29.6	29.4	21.7	23.9	30	23.3	22.2	9.444445	10.2	6.7	6.1	13.3	9.444445	16.1	8.9	1	1	1	1	1	1	1	1	1	1	1	1	1	1	1	1	1	1	1	1	1	1
2023	5	20	0	0	0	0	0	0	0	0	0	0	0	0	0	0	0	0	0	0	22.777779	29.5	28.9	20	20.6	30	25	18.9	10	9.9	5.6	5.6	11.7	9.444445	16.1	8.9	1	1	1	1	1	1	1	1	1	1	1	1	1	1	1	1	1	1	1	1	1	1
2023	5	21	0	0	0	0	0	0	0	0	0	0	0	0	0	0	0	0	0.254	0	27.777779	29.9	31.1	24.4	25	30	24.4	25.6	11.666667	9.8	6.1	8.3	12.8	9.444445	18.3	10	1	1	1	1	1	1	1	1	1	1	1	1	1	1	1	1	1	1	1	1	1	1
2023	5	22	0	0	0	0	0	0	0	0	0	0	0	0	0	0	0	0	0	0	29.444445	29.7	32.2	25	25.6	31.11111	24.4	26.1	10.555555	10.1	7.8	5.6	15.6	10	17.8	10.6	1	1	1	1	1	1	1	1	1	1	1	1	1	1	1	1	1	1	1	1	1	1
2023	5	23	0	0	0	0	0	0	0	0	0	0	0	0	0	0	0	0	0	0	23.88889	30.7	27.8	20.6	20.6	29.444445	22.8	21.7	10	10.9	7.8	6.7	8.3	11.111111	11.7	8.3	1	1	1	1	1	1	1	1	1	1	1	1	1	1	1	1	1	1	1	1	1	1
2023	5	24	0	0	0	0	0	0	0	0	0	0	0	0	0	0	0	0	0	0	22.222221	28.9	25.6	18.9	18.3	29.444445	20.6	18.9	8.888889	8.9	6.7	6.7	6.7	7.7777777	13.9	8.3	1	1	1	1	1	1	1	1	1	1	1	1	1	1	1	1	1	1	1	1	1	1
2023	5	25	0	0	0	0	0	0	0	0	0	0	0	0.25	0	0	0	0	0	0	18.88889	26.2	23.3	16.7	16.1	27.222221	20.6	16.7	10	8.5	9.4	10.6	6.1	15.555555	12.8	9.4	1	1	1	1	1	1	1	1	1	1	1	1	1	1	1	1	1	1	1	1	1	1
2023	5	26	0	0	0	0	0	0	0	0	0	0	0	0.51	0.254	0	0	1.27	0.254	0.3	17.777779	25.3	22.2	16.1	15	25.555555	20	15.6	10.555555	9.3	10.6	10.6	7.2	10	12.8	9.4	1	1	1	1	1	1	1	1	1	1	1	1	1	1	1	1	1	1	1	1	1	1
2023	5	27	0	0	0	0	0	0	0	0	0	0	0	0.51	0	0	0	1.27	0.254	0.33	20.555555	24	26.7	17.2	18.3	27.222221	21.7	17.8	10.555555	9.9	10	10.6	7.2	8.888889	13.9	9.4	1	1	1	1	1	1	1	1	1	1	1	1	1	1	1	1	1	1	1	1	1	1
2023	5	28	0	0	0	0	0	0	9.14	0	0	4.83	0	0	0	0	0	0	0	0	22.777779	26.9	27.2	18.9	18.9	27.222221	21.7	21.1	11.111111	10.2	11.1	11.1	8.3	12.222222	13.3	9.4	1	1	1	1	1	1	1	1	1	1	1	1	1	1	1	1	1	1	1	1	1	1
2023	5	29	0	0	0	2.76	0	1.64	0	2.39	1.39	0.25	0	0.25	0	0	0.254	0	0.254	0.03	16.11111	27	19.4	16.1	10.6	27.222221	21.1	14.4	10.555555	11	10.6	10.6	7.2	9.444445	11.1	9.4	1	1	1	1	1	1	1	1	1	1	1	1	1	1	1	1	1	1	1	1	1	1
2023	5	30	0	0	0	0	0	0	0	0	0	0	0	0	0	0	0	0	0	0.2	20	21.3	24.4	16.7	17.2	22.777779	18.9	16.7	11.666667	10.6	10	11.1	6.7	11.666667	10.6	10	1	1	1	1	1	1	1	1	1	1	1	1	1	1	1	1	1	1	1	1	1	1
2023	5	31	0	0	0	0	0	0	0	0	0	0	0	0.25	0	0	0	0	0	0	23.88889	23.1	28.3	20.6	20.6	26.666666	20	21.7	11.111111	10	8.3	7.2	7.2	10	12.2	8.9	1	1	1	1	1	1	1	1	1	1	1	1	1	1	1	1	1	1	1	1	1	1
2023	6	1	0	0	0	0	0	0	0	0	0	0	0	0	0	0	0	0	0.254	0	25	26.8	28.3	22.2	22.8	27.777779	19.4	22.8	7.7777777	9	7.2	5	8.3	7.2222223	13.3	8.9	1	1	1	1	1	1	1	1	1	1	1	1	1	1	1	1	1	1	1	1	1	1
2023	6	2	0	0	0	0	0	0	0	0	0	0	0	0	0	0	0	0	0	0	27.777779	26.1	26.9	23.9	24.4	28.333334	22.8	24.4	7.7777777	8.3	6.2	3.9	10.6	6.111111	15.6	8.9	1	1	1	1	1	1	1	1	1	1	1	1	1	1	1	1	1	1	1	1	1	1
2023	6	3	0	0	0	0	0	0	0	0	0	0	0	0	0	0	0	0	0	0	30	29	33.9	25.6	26.7	32.22222	25.6	27.2	8.888889	7.6	6.7	5.6	15	8.333333	17.8	10	1	1	1	1	1	1	1	1	1	1	1	1	1	1	1	1	1	1	1	1	1	1
2023	6	4	0	0	0	0	0	0	0	0	0	0	0	0	0	0	0	0	0	0	30	31.8	34.4	25.6	27.8	34.444443	27.8	27.2	10	11	7.8	5.6	17.2	10	20	9.4	1	1	1	1	1	1	1	1	1	1	1	1	1	1	1	1	1	1	1	1	1	1
2023	6	5	0	0	0	0	0	0	0	0	0	0	0	0	0	0	0	0	0	0	20.555555	34.1	29.4	17.8	18.9	34.444443	25.6	18.3	10	12	8.3	10	8.9	13.333333	18.3	9.4	1	1	1	1	1	1	1	1	1	1	1	1	1	1	1	1	1	1	1	1	1	1
2023	6	6	0	0	0	0	0	0	0	0	0	0	0	0.25	0.254	0	0.508	0	0.254	0.73	17.777779	30.1	20.6	18.3	12.8	29.444445	20	16.7	12.222222	11.6	11.7	12.2	8.3	11.111111	11.1	11.1	1	1	1	1	1	1	1	1	1	1	1	1	1	1	1	1	1	1	1	1	1	1
2023	6	7	0	0	0	0	0	0.66	0	0.01	0.92	0	0	0	0	0	0	0	0	0	17.222221	21.1	22.2	16.7	12.8	25	18.3	15.6	12.222222	11.6	10	12.8	9.4	12.222222	9.4	12.2	1	1	1	1	1	1	1	1	1	1	1	1	1	1	1	1	1	1	1	1	1	1
2023	6	8	0	0	0	0	0	0	0	0	0	0	0	0	0	0	0	0	0	0	22.777779	22.3	26.1	19.4	19.4	26.11111	20.6	20	12.222222	12.4	13.9	10.6	9.4	13.888889	11.1	12.2	1	1	1	1	1	1	1	1	1	1	1	1	1	1	1	1	1	1	1	1	1	1
2023	6	9	0	0	0	0.16	0	0	0	0.23	0	0.25	0	0.25	0	0	0	0	0	0	22.222221	25.4	26.1	18.9	18.3	26.11111	20.6	19.4	11.111111	12.8	10	10	8.3	12.777778	13.3	10.6	1	1	1	1	1	1	1	1	1	1	1	1	1	1	1	1	1	1	1	1	1	1
2023	6	10	0	0	0	0	0	0	0	0	0	0	0	0	0	0	0	0	0	0	23.88889	24.1	31.1	20	22.2	30.555555	23.3	21.7	11.666667	9.7	7.2	10.6	7.2	8.888889	15.6	10	1	1	1	1	1	1	1	1	1	1	1	1	1	1	1	1	1	1	1	1	1	1
2023	6	11	0	0	0	0	0	0	0	0	0	0	0	0	0	0	0	0	0	0	22.222221	30.1	28.3	18.9	21.1	30.555555	22.8	20	11.666667	9.5	11.1	11.1	8.9	15.555555	16.1	10.6	1	1	1	1	1	1	1	1	1	1	1	1	1	1	1	1	1	1	1	1	1	1
2023	6	12	0	0	0	0.02	0	0	0	0	0	0	0	0.25	0	0	0.254	0	0.254	0.45	22.222221	28.7	25.6	20.6	18.3	28.88889	22.8	20.6	11.666667	11.8	11.7	11.7	7.8	12.222222	13.3	10.6	1	1	1	1	1	1	1	1	1	1	1	1	1	1	1	1	1	1	1	1	1	1
2023	6	13	0	0	0	0	0	0	0	0	0	0	0	0	0	0	0	0	0	0	22.222221	25.9	28.3	18.9	20	29.444445	22.8	19.4	12.222222	11.6	11.7	11.7	8.9	10.555555	13.9	10.6	1	1	1	1	1	1	1	1	1	1	1	1	1	1	1	1	1	1	1	1	1	1
2023	6	14	0	0	0	0	0	0	0	0	0	0	0	0	0	0	0	0	0	0	25	28.2	31.1	20	22.2	30.555555	25	21.7	11.666667	11.3	8.3	9.4	12.2	11.111111	17.2	10	1	1	1	1	1	1	1	1	1	1	1	1	1	1	1	1	1	1	1	1	1	1
2023	6	15	0	0	0	0	0	0.04	0	0	0	0	0	0	0	0	0	0	0	0	24.444445	30.7	31.1	19.4	22.2	32.22222	26.1	21.1	11.666667	11.5	8.9	8.3	13.3	12.222222	17.8	10	1	1	1	1	1	1	1	1	1	1	1	1	1	1	1	1	1	1	1	1	1	1
2023	6	16	0	0	0	0	0	0	0	0	0	0	0	0	0	0	0	0	0	0	23.88889	31.9	33.3	19.4	25	35	28.3	21.1	11.666667	12.9	7.8	12.2	11.1	11.666667	20.6	11.1	1	1	1	1	1	1	1	1	1	1	1	1	1	1	1	1	1	1	1	1	1	1
2023	6	17	0	0	0	0	0	0	0	0	0	0	0	0	0	0	0	0	0	0	23.88889	34.2	32.2	19.4	23.9	33.88889	25.6	20	12.777778	12.3	8.3	10.6	12.2	12.222222	13.3	10.6	1	1	1	1	1	1	1	1	1	1	1	1	1	1	1	1	1	1	1	1	1	1
2023	6	18	0	0	0	0	0	0	0	0	0	0	0	0	0	0	0	0	0	0	28.333334	31.4	26.1	26.1	23.3	31.666666	17.8	27.8	12.222222	11.8	9.4	8.3	9.4	11.666667	4.4	11.7	1	1	1	1	1	1	1	1	1	1	1	1	1	1	1	1	1	1	1	1	1	1
2023	6	19	0	0	0	0	0	0	0	0	0	0	0	0	0	0	0	0	0	0	21.666666	24.4	20.6	22.8	18.3	25	11.1	22.2	11.111111	9.6	6.1	6.7	7.2	9.444445	2.2	10	1	1	1	1	1	1	1	1	1	1	1	1	1	1	1	1	1	1	1	1	1	1
2023	6	20	0	0	0	0	0	0	0	0	0	0	0	0	0	0	0	0	0	0	26.11111	18.6	19.3	22.2	21.7	22.777779	16.1	22.8	10	7.6	5.5	2.8	7.8	3.8888888	3.9	9.4	1	1	1	1	1	1	1	1	1	1	1	1	1	1	1	1	1	1	1	1	1	1
2023	6	21	0	0	0	0	0	0	0	0	0	0	0	0	0	0	0	0	0	0	27.222221	22.2	23.1	23.3	23.3	27.222221	21.7	23.9	8.333333	6.3	4.6	5	13.3	5.5555553	12.2	10	1	1	1	1	1	1	1	1	1	1	1	1	1	1	1	1	1	1	1	1	1	1
2023	6	22	0	0	0	0	0	0	0	0	0	0	0	0	0	0	0	0	0	0	20	27.4	25.6	17.2	17.8	27.222221	20	17.8	10.555555	7.8	6.1	10.6	6.1	6.111111	11.7	9.4	1	1	1	1	1	1	1	1	1	1	1	1	1	1	1	1	1	1	1	1	1	1
2023	6	23	0	0	0	0	0	0	0	0	0	0	0	0	0	0	0	0	0	0	22.777779	24.3	26.7	20	19.4	25	20	19.4	12.777778	8.8	8.9	10.6	8.3	10	9.4	11.1	1	1	1	1	1	1	1	1	1	1	1	1	1	1	1	1	1	1	1	1	1	1
2023	6	24	0	0	0	0	0	0	0	0	0	0	0	0	0	0	0	0	0	0	23.333334	25.3	28.3	20	20	27.777779	21.7	19.4	11.111111	10.3	7.2	10.6	7.8	8.888889	13.3	11.1	1	1	1	1	1	1	1	1	1	1	1	1	1	1	1	1	1	1	1	1	1	1
2023	6	25	0	0	0	0	0	0	0	0	0	0	0	0	0	0	0	0	0	0	22.222221	27.4	27.2	18.3	19.4	28.333334	22.8	18.9	12.222222	10.4	7.8	11.1	8.3	9.444445	14.4	10.6	1	1	1	1	1	1	1	1	1	1	1	1	1	1	1	1	1	1	1	1	1	1
2023	6	26	0	0	0	0	0	0	0	0	0	0	0	0	0	0	0	0	0	0	26.11111	27.6	30.6	21.7	23.3	30	22.8	22.8	12.222222	10.5	7.2	10.6	10.6	10.555555	16.1	10	1	1	1	1	1	1	1	1	1	1	1	1	1	1	1	1	1	1	1	1	1	1
2023	6	27	0	0	0	0	0	0	0	0	0	0	0	0	0	0	0	0	0	0	27.777779	29.6	31.7	23.3	24.4	31.11111	23.9	25	11.111111	10.9	7.2	10.6	10.6	10	16.7	10	1	1	1	1	1	1	1	1	1	1	1	1	1	1	1	1	1	1	1	1	1	1
2023	6	28	0	0	0	0	0	0	0	0	0	0	0	0	0	0	0	0.508	0	0	26.666666	29.9	34.4	22.2	25.6	34.444443	26.7	22.8	11.111111	11.4	8.3	10	12.8	10.555555	18.3	10	1	1	1	1	1	1	1	1	1	1	1	1	1	1	1	1	1	1	1	1	1	1
2023	6	29	0	0	0	0	0	0	0	0	0	0	0	0	0	0	0	0	0	0	31.11111	33.4	38.9	24.4	31.7	37.77778	31.1	27.8	11.111111	11.5	8.9	10	17.2	11.666667	23.3	10	1	1	1	1	1	1	1	1	1	1	1	1	1	1	1	1	1	1	1	1	1	1
2023	6	30	0	0	0	0	0	0	0	0	0	0	0	0	0	0	0	0	0	0	35	37.4	37.5	28.9	33.3	39.444443	33.3	32.2	11.111111	13.5	10.5	8.3	26.7	13.888889	26.1	11.1	1	1	1	1	1	1	1	1	1	1	1	1	1	1	1	1	1	1	1	1	1	1
2023	7	1	0	0	0	0	0	0	0	0	0	0	0	0	0	0	0	0	0	0	40	39.4	39.9	34.4	36.1	41.11111	34.4	37.2	12.222222	16.9	13.4	8.3	28.3	15.555555	27.2	11.7	1	1	1	1	1	1	1	1	1	1	1	1	1	1	1	1	1	1	1	1	1	1
2023	7	2	0	0	0	0	0	0	0	0	0	0	0	0	0	0	0	0	0	0	37.22222	41	40.6	30	35.6	41.11111	33.3	33.3	13.888889	17.3	10	8.9	25	13.888889	26.1	13.9	1	1	1	1	1	1	1	1	1	1	1	1	1	1	1	1	1	1	1	1	1	1
2023	7	3	0	0	0	0	0	0	0	0	0	0	0	0	0	0	0	0	0	0	26.666666	40.1	35	20	26.7	40	31.1	23.3	12.222222	15.8	10.6	11.1	14.4	13.333333	22.8	10.6	1	1	1	1	1	1	1	1	1	1	1	1	1	1	1	1	1	1	1	1	1	1
2023	7	4	0	0	0	0	0	0	0	0	0	0	0	0	0	0	0	0	0	0	25	37.1	32.2	19.4	23.9	37.22222	30.6	20.6	11.666667	12.4	10.6	11.1	8.3	12.222222	22.8	9.4	1	1	1	1	1	1	1	1	1	1	1	1	1	1	1	1	1	1	1	1	1	1
2023	7	5	0	0	0	0	0	0	0	0	0	0	0	0	0	0	0	0	0	0	22.777779	34.7	29.4	18.9	21.7	35	30	19.4	11.666667	11.8	11.7	11.1	8.3	12.777778	20.6	10	1	1	1	1	1	1	1	1	1	1	1	1	1	1	1	1	1	1	1	1	1	1
2023	7	6	0	0	0	0	0	0	0	0	0	0	0	0	0	0	0	0	0	0	24.444445	31.8	30.6	20	22.8	34.444443	28.9	20.6	11.666667	11.7	11.1	11.1	8.9	11.666667	17.8	10.6	1	1	1	1	1	1	1	1	1	1	1	1	1	1	1	1	1	1	1	1	1	1
2023	7	7	0	0	0	0	0	0	0	0	0	0	0	0	0	0	0	0	0.254	0	27.777779	32.5	32.2	23.9	26.1	32.77778	23.3	23.9	12.777778	11.4	8.3	8.3	10.6	11.111111	15.6	10.6	1	1	1	1	1	1	1	1	1	1	1	1	1	1	1	1	1	1	1	1	1	1
2023	7	8	0	0	0	0	0	0	0	0	0	0	0	0	0	0	0	0	0	0	28.333334	31.3	31.2	24.4	27.2	30.555555	23.3	23.3	8.333333	11	8.3	4.4	10.6	7.7777777	15	9.4	1	1	1	1	1	1	1	1	1	1	1	1	1	1	1	1	1	1	1	1	1	1
2023	7	9	0	0	0	0	0	0	0	0	0	0	0	0	0	0	0	0	0	0	26.11111	28.7	28.9	22.2	23.3	30.555555	22.8	21.7	9.444445	9.3	8.3	4.4	7.8	7.7777777	15	8.9	1	1	1	1	1	1	1	1	1	1	1	1	1	1	1	1	1	1	1	1	1	1
2023	7	10	0	0	0	0	0	0	0	0	0	0	0	0	0	0	0	0	0	0	29.444445	27.9	33.3	25.6	27.2	31.666666	26.1	26.1	10	9.8	7.8	6.7	10.6	8.333333	14.4	8.9	1	1	1	1	1	1	1	1	1	1	1	1	1	1	1	1	1	1	1	1	1	1
2023	7	11	0	0	0	0	0	0	0	0	0	0	0	0	0	0	0	0	0	0	33.333332	32.6	36.7	28.3	30	35.555557	28.9	30	10.555555	10.4	8.9	6.7	20	11.111111	20	11.1	1	1	1	1	1	1	1	1	1	1	1	1	1	1	1	1	1	1	1	1	1	1
2023	7	12	0	0	0	0	0	0	0	0	0	0	0	0	0	0	0	0	0	0	30	35	33.9	25.6	28.9	35.555557	26.7	25.6	10	12.5	8.3	10	16.7	11.111111	18.3	10	1	1	1	1	1	1	1	1	1	1	1	1	1	1	1	1	1	1	1	1	1	1
2023	7	13	0	0	0	0	0	0	0	0	0	0	0	0	0	0	0	0	0	0	33.88889	33.2	36.7	28.9	30.6	35.555557	28.9	30	11.111111	12.8	10.6	7.2	18.9	12.222222	18.9	10.6	1	1	1	1	1	1	1	1	1	1	1	1	1	1	1	1	1	1	1	1	1	1
2023	7	14	0	0	0	0	0	0	0	0	0	0	0	0	0	0	0	0	0	0	33.88889	35	40.6	29.4	32.2	39.444443	33.3	30	11.666667	14.3	11.7	10	22.8	15.555555	23.3	10.6	1	1	1	1	1	1	1	1	1	1	1	1	1	1	1	1	1	1	1	1	1	1
2023	7	15	0	0	0	0	0	0	0	0	0	0	0	0	0	0	0	0	0	0	36.666668	38.8	39	32.2	35	41.11111	35.6	32.8	12.222222	15.8	13.3	11.1	25.6	15.555555	27.8	11.1	1	1	1	1	1	1	1	1	1	1	1	1	1	1	1	1	1	1	1	1	1	1
2023	7	16	0	0	0	0	0	0	0	0	0	0	0	0	0	0	0	0	0	0	38.88889	41.5	41.8	32.1	36.7	40.555557	35.6	36.1	15	17.5	14.8	11.3	22.2	17.222221	25.6	16.1	1	1	1	1	1	1	1	1	1	1	1	1	1	1	1	1	1	1	1	1	1	1
2023	7	17	0	0	0	0	0	0	0	0	0	0	0	0	0	0	0	0	0	0	35	41.1	40	32.2	32.8	40.555557	32.2	31.7	16.11111	18.7	14.4	11.7	17.8	17.222221	23.9	14.4	1	1	1	1	1	1	1	1	1	1	1	1	1	1	1	1	1	1	1	1	1	1
2023	7	18	0	0	0	0	0	0	0	0	0	0	0	0	0	0	0	0	0	0	28.88889	37.4	36.1	24.4	27.8	38.333332	31.1	24.4	11.666667	14.8	9.4	8.3	17.2	13.333333	23.3	11.1	1	1	1	1	1	1	1	1	1	1	1	1	1	1	1	1	1	1	1	1	1	1
2023	7	19	0	0	0	0	0	0	0	0	0	0	0	0	0	0	0	0	0	0	30.555555	36.1	35.4	24.7	28.9	36.666668	30.6	26.7	12.222222	14	11.6	9.7	16.1	13.888889	22.8	11.1	1	1	1	1	1	1	1	1	1	1	1	1	1	1	1	1	1	1	1	1	1	1
2023	7	20	0	0	0	0	0	0	0	0	0	0	0	0	0	0	0	0	0	0	35	35.6	39.4	30	32.8	38.333332	31.7	31.1	11.111111	13.8	11.1	8.9	19.4	14.444445	23.9	11.1	1	1	1	1	1	1	1	1	1	1	1	1	1	1	1	1	1	1	1	1	1	1
2023	7	21	0	0	0	0	0	0	0	0	0	0	0	0	0	0	0	0	0	0	37.22222	38.2	41.1	30.4	36.1	38.88889	33.3	33.3	12.222222	15.4	9.4	9.8	26.7	12.777778	26.1	13.9	1	1	1	1	1	1	1	1	1	1	1	1	1	1	1	1	1	1	1	1	1	1
2023	7	22	0	0	0	0	0	0	0	0	0	0	0	0	0	0	0	0	0	0	38.333332	39.4	40	34.4	35.6	39.444443	33.9	36.1	12.222222	15	11.1	7.8	27.2	13.888889	25	11.7	1	1	1	1	1	1	1	1	1	1	1	1	1	1	1	1	1	1	1	1	1	1
2023	7	23	0	0	0	0	0	0	0	0	0	0	0	0	0	0	0	0	0	0	33.88889	38.9	37.2	29.4	32.8	39.444443	30.6	30.6	13.888889	15.8	11.7	10.6	16.7	13.888889	18.3	12.2	1	1	1	1	1	1	1	1	1	1	1	1	1	1	1	1	1	1	1	1	1	1
2023	7	24	0	0	0	0	0	0	0	0	0	0	0	0	0	0	0	0	0	0	31.666666	36.6	32.2	27.8	30.6	37.22222	23.9	28.3	11.111111	14.3	8.3	8.9	14.4	12.222222	16.1	10	1	1	1	1	1	1	1	1	1	1	1	1	1	1	1	1	1	1	1	1	1	1
2023	7	25	0	0	0	0	0	0	0	0	0	0	0	0	0	0	0	0	0	0	35	31.3	35.6	31.7	31.7	33.333332	28.3	31.1	12.222222	13.3	9.4	8.3	17.8	11.111111	18.9	12.8	1	1	1	1	1	1	1	1	1	1	1	1	1	1	1	1	1	1	1	1	1	1
2023	7	26	0	0	0	0	0	0	0	0	0	0	0	0	0	0	0	0	0	0	30.555555	33.9	35.6	26.7	27.8	35.555557	30	27.8	12.777778	13.1	12.2	11.1	17.2	13.888889	20.6	11.1	1	1	1	1	1	1	1	1	1	1	1	1	1	1	1	1	1	1	1	1	1	1
2023	7	27	0	0	0	0	0	0	0	0	0	0	0	0	0	0	0	0	0	0	29.444445	35.9	31.7	25.6	27.2	33.88889	27.2	26.1	12.777778	14.7	11.1	11.1	13.9	12.777778	18.3	11.7	1	1	1	1	1	1	1	1	1	1	1	1	1	1	1	1	1	1	1	1	1	1
2023	7	28	0	0	0	0	0	0	0	0	0	0	0	0	0	0	0	0	0	0	31.11111	32.6	33.9	27.8	28.9	32.22222	26.7	27.8	10	12.8	7.8	10	13.9	11.111111	17.8	10	1	1	1	1	1	1	1	1	1	1	1	1	1	1	1	1	1	1	1	1	1	1
2023	7	29	0	0	0	0	0	0	0	0	0	0	0	0	0	0	0	0	0	0	31.666666	32.7	35	27.2	28.3	33.88889	27.2	27.2	10.555555	11.8	7.2	10	16.1	9.444445	17.8	10	1	1	1	1	1	1	1	1	1	1	1	1	1	1	1	1	1	1	1	1	1	1
2023	7	30	0	0	0	0	0	0	0	0	0	0	0	0	0	0	0	0	0	0	32.22222	32.8	35.6	28.3	30	34.444443	28.3	28.9	10	11.5	7.2	8.3	18.9	9.444445	18.3	10	1	1	1	1	1	1	1	1	1	1	1	1	1	1	1	1	1	1	1	1	1	1
2023	7	31	0	0	0	0	0	0	0	0	0	0	0	0	0	0	0	0	0	0	31.666666	33.9	36.1	28.3	29.4	35	28.9	29.4	10.555555	10.9	8.9	7.2	17.8	11.111111	21.1	10.6	1	1	1	1	1	1	1	1	1	1	1	1	1	1	1	1	1	1	1	1	1	1
2023	8	1	0	0	0	0	0	0	0	0	0	0	0	0	0	0	0	0	0	0	27.222221	34.9	33.9	23.3	25.6	35.555557	30.6	22.8	10.555555	12.9	9.4	7.2	14.4	12.222222	20.6	11.7	1	1	1	1	1	1	1	1	1	1	1	1	1	1	1	1	1	1	1	1	1	1
2023	8	2	0	0	0	0	0	0	0	0	0	0	0	0	0	0	0	0	0	0	27.777779	35	29.4	23.9	26.1	32.77778	26.7	23.9	13.333333	12.6	8.9	11.7	11.7	11.666667	15	11.7	1	1	1	1	1	1	1	1	1	1	1	1	1	1	1	1	1	1	1	1	1	1
2023	8	3	0	0	0	0	0	0	0	0	0	0	0	0	0	0	0	0	0	0	27.777779	30.6	30.6	24.4	25.6	32.22222	25	23.9	11.111111	12.1	11.1	10.6	12.2	11.666667	16.1	10.6	1	1	1	1	1	1	1	1	1	1	1	1	1	1	1	1	1	1	1	1	1	1
2023	8	4	0	0	0	0	0	0	0	0	0	0	0	0	0	0	0	0	0	0	31.11111	30.6	33.3	27.2	28.3	34.444443	27.2	27.2	11.666667	13.5	10	9.4	15	11.666667	18.9	11.1	1	1	1	1	1	1	1	1	1	1	1	1	1	1	1	1	1	1	1	1	1	1
2023	8	5	0	0	0	0	0	0	0	0	0	0	0	0	0	0	0	0	0	0	33.88889	33.7	35.6	28.9	32.2	36.666668	28.9	29.4	13.333333	13.3	12.8	10	18.3	13.888889	19.4	12.8	1	1	1	1	1	1	1	1	1	1	1	1	1	1	1	1	1	1	1	1	1	1
2023	8	6	0	0	0	0	0	0	0	0	0	0	0	0	0	0	0	0	0	0	39.444443	35.5	35.6	33.9	35.6	37.77778	28.9	35	14.444445	15.7	13.3	10.6	25	13.333333	21.1	18.3	1	1	1	1	1	1	1	1	1	1	1	1	1	1	1	1	1	1	1	1	1	1
2023	8	7	0	0	0	0	0	0	0	0	0	0	0	0	0	0	0	0	0	0	36.666668	36.1	35.6	32.8	32.8	35.555557	30.6	33.3	14.444445	15.9	13.3	11.7	18.3	14.444445	22.2	12.8	1	1	1	1	1	1	1	1	1	1	1	1	1	1	1	1	1	1	1	1	1	1
2023	8	8	0	0	0	0	0	0	0	0	0	0	0	0	0	0	0	0	0	0	26.666666	35.6	30	23.9	23.3	35	30.6	24.4	13.333333	15.9	13.3	12.8	13.3	13.888889	20	11.7	1	1	1	1	1	1	1	1	1	1	1	1	1	1	1	1	1	1	1	1	1	1
2023	8	9	0	0	0	0	0	0	0	0	0	0	0	0	0	0	0	0	0	0.03	27.777779	31.8	31.1	22.8	25	32.77778	26.7	23.9	12.777778	13.7	10.6	12.2	12.2	13.888889	18.3	11.7	1	1	1	1	1	1	1	1	1	1	1	1	1	1	1	1	1	1	1	1	1	1
2023	8	10	0	0	0	0	0	0	0	0	0	0	0	0	0	0	0	0	0	0	29.444445	32.4	33.3	25	26.7	33.333332	28.3	26.7	13.333333	13.3	10.6	12.8	16.1	13.888889	18.9	12.2	1	1	1	1	1	1	1	1	1	1	1	1	1	1	1	1	1	1	1	1	1	1
2023	8	11	0	0	0	0	0	0	0	0	0	0	0	0	0	0	0	0	0	0	29.444445	33.3	31.7	26.1	25.6	34.444443	28.9	26.7	14.444445	14.5	11.7	13.3	12.8	13.888889	19.4	12.8	1	1	1	1	1	1	1	1	1	1	1	1	1	1	1	1	1	1	1	1	1	1
2023	8	12	0	0	0	0	0	0	0	0	0	0	0	0	0	0	0	0	0	0	32.22222	33.5	35	26.7	28.9	35.555557	30.6	28.3	14.444445	13.9	12.8	12.8	17.2	15	21.7	12.8	1	1	1	1	1	1	1	1	1	1	1	1	1	1	1	1	1	1	1	1	1	1
2023	8	13	0	0	0	0	0	0	0	0	0	0	0	0	0	0	0	0	0	0	34.444443	35.6	38.3	28.9	32.2	37.77778	32.8	31.1	13.333333	15.9	13.9	11.7	20	16.11111	23.3	12.2	1	1	1	1	1	1	1	1	1	1	1	1	1	1	1	1	1	1	1	1	1	1
2023	8	14	0	0	0	0	0	0	0	0	0	0	0	0	0	0	0	0	0	0	32.77778	38.3	37.7	28.3	28.9	35	30	28.9	16.11111	17.1	15.3	13.3	21.1	17.222221	23.9	15	1	1	1	1	1	1	1	1	1	1	1	1	1	1	1	1	1	1	1	1	1	1
2023	8	15	0	0	0	0	0	0	0	0	0	0	0	0	0	0	0	0	0	0	34.444443	34.2	33.4	28.9	33.3	41.11111	35.6	30.6	15	18.3	16.9	12.8	25	16.666666	25.6	13.9	1	1	1	1	1	1	1	1	1	1	1	1	1	1	1	1	1	1	1	1	1	1
2023	8	16	0	0	0	0	0	0	0	0	0	0	0	0	0	0	0	0	0	0	33.88889	40.6	41.1	28.9	35	42.22222	36.1	28.9	13.888889	18.6	13.3	12.2	26.7	17.222221	27.2	12.8	1	1	1	1	1	1	1	1	1	1	1	1	1	1	1	1	1	1	1	1	1	1
2023	8	17	0	0	0	0	0	0	0	0	0	0	0	0	0	0	0	0	0	0	30.555555	41.2	40.2	24.4	30	40	35	25.6	15	18	15.2	14.4	15	16.666666	23.9	13.9	1	1	1	1	1	1	1	1	1	1	1	1	1	1	1	1	1	1	1	1	1	1
2023	8	18	0	0	0	0	0	0	0	0	0	0	0	0	0	0	0	0	0.05	0.36	26.666666	38.5	30	23.9	23.3	36.11111	32.2	22.8	15.555555	16	14.4	15.6	12.2	15.555555	21.7	14.4	1	1	1	1	1	1	1	1	1	1	1	1	1	1	1	1	1	1	1	1	1	1
2023	8	19	0	0	0	0	0	0	0	0	0	0	0	0	0	0	0	0	0	0.07	27.777779	33.2	33.3	22.8	26.1	35.555557	31.1	24.4	15	15.5	13.9	14.4	12.8	16.11111	21.1	13.9	1	1	1	1	1	1	1	1	1	1	1	1	1	1	1	1	1	1	1	1	1	1
2023	8	20	0	0	0	0	0	0	0	0	0	0	0	0	0	0	0	0	0	0	29.444445	34.6	26.1	30.6	27.2	35.555557	22.8	29.4	14.444445	15.9	14.4	14.4	17.2	17.222221	17.2	13.9	1	1	1	1	1	1	1	1	1	1	1	1	1	1	1	1	1	1	1	1	1	1
2023	8	21	0	0	0	0	0	0	0.25	0	0	0	0	0.25	0	0	0	0	0	0	25	26	23.9	23.9	24.4	25	22.2	23.3	15.555555	16.3	15	15	12.2	17.777779	12.8	14.4	1	1	1	1	1	1	1	1	1	1	1	1	1	1	1	1	1	1	1	1	1	1
2023	8	22	0	0	0	0.34	0	0.25	0.25	0.12	0.01	0	0	0	0	1.27	0	0.27	0.47	1.2	33.88889	23.1	28.9	26.1	24.4	28.88889	23.9	26.1	17.777779	15.7	13.3	13.9	13.9	13.333333	12.8	16.1	1	1	1	1	1	1	1	1	1	1	1	1	1	1	1	1	1	1	1	1	1	1
2023	8	23	0	0	0	0	0	0	0	0	0	0	0	0	0	0	0	0	0	0	35.555557	28.8	35.6	33.9	30.6	32.22222	27.8	33.3	15	14.8	11.1	11.7	20.6	12.777778	17.2	15	1	1	1	1	1	1	1	1	1	1	1	1	1	1	1	1	1	1	1	1	1	1
2023	8	24	0	0	0	0	0	0	0	0	0	0	0	0	0	0	0	0	0	0	34	32.9	33.9	25.6	27.8	34.444443	28.9	26.7	13.5	15.3	11.7	12.8	13.3	13.888889	17.8	14.4	1	1	1	1	1	1	1	1	1	1	1	1	1	1	1	1	1	1	1	1	1	1
2023	8	25	0	0	0	0	0	0	0	0	0	0	0	0	0	0	0	0	0	0	29.6	34	32.2	23.9	25.6	31.666666	27.2	23.9	14.4	14.1	11.7	10.6	11.1	11.111111	16.7	12.8	1	1	1	1	1	1	1	1	1	1	1	1	1	1	1	1	1	1	1	1	1	1
2023	8	26	0	0	0	0	0	0	0	0	0	0	0	0	0	0	0	0	0	0	27.4	31.3	31.1	23.9	26.7	33.88889	28.9	25	12.6	12.5	10.6	12.2	16.7	10	17.8	12.8	1	1	1	1	1	1	1	1	1	1	1	1	1	1	1	1	1	1	1	1	1	1
2023	8	27	0	0	0	0	0	0	0	0	0	0	0	0	0	0	0	0	0	0	28.5	32.9	32.2	24.6	29.4	33.88889	27.2	26.3	11.7	11.7	9.5	11.1	17.8	9.444445	18.3	12.1	1	1	1	1	1	1	1	1	1	1	1	1	1	1	1	1	1	1	1	1	1	1
2023	8	28	0	0	0	0	0	0	0	0	0	0	0	0	0	0	0	0	0	0	29.1666666666667	26.5555555555556	27.6666666666667	17	27.3888888888889	28.1666666666667	27.8333333333333	28.4444444444444	18.2777777777778	15.1666666666667	28.1666666666667	12.3888888888889	20.6666666666667	13.7222222222222	18.8333333333333	18.1666666666667	1	1	1	1	1	1	1	1	1	1	1	1	1	1	1	1	1	1	1	1	1	1
2023	8	29	0	0	0	0	0	0	0	0	0	0	0	0	0	0	0	0	0	0	27.3333333333333	24.6666666666667	24.5555555555556	15.2777777777778	24.5555555555556	25.7777777777778	24.8888888888889	28.1111111111111	16.9444444444444	14.0555555555556	28.5	14.0555555555556	17.9444444444444	13.3333333333333	17.0555555555556	16	1	1	1	1	1	1	1	1	1	1	1	1	1	1	1	1	1	1	1	1	1	1
2023	8	30	0	0	0	0	0	0	0	0	0	0	0	0	0	0	0	0	0	0	29	27.1111111111111	27.5555555555556	16.8333333333333	27.1666666666667	28.1666666666667	27.8333333333333	29.0555555555556	18.8333333333333	15.5	28.6666666666667	16.6666666666667	19.5	14.7777777777778	18.4444444444444	19.2777777777778	1	1	1	1	1	1	1	1	1	1	1	1	1	1	1	1	1	1	1	1	1	1
2023	8	31	0	0	0	0	0	0	0	0	0	0	0	0	0	0	0	0	0	0	26.0555555555556	23.8888888888889	24.6111111111111	17.2777777777778	24.3888888888889	24.9444444444444	24.8333333333333	26.1111111111111	18.8333333333333	16.2777777777778	26	15.4444444444444	19.8888888888889	15.8888888888889	18.9444444444444	18.7777777777778	1	1	1	1	1	1	1	1	1	1	1	1	1	1	1	1	1	1	1	1	1	1
2023	9	1	0	0	0	0	0	0	0	0	0	0	0	0	0	0	0	0	0	0	18.5	19.2222222222222	19.2222222222222	16	18.3888888888889	19.1111111111111	18.9444444444444	18.3888888888889	15.5	15	19.2222222222222	14.8888888888889	16.8888888888889	14.0555555555556	17.3888888888889	15.8333333333333	1	1	1	1	1	1	1	1	1	1	1	1	1	1	1	1	1	1	1	1	1	1
2023	9	2	0	0	0	0	0	0	0	0	0	0	0	0	0	0	0	0	0	0	19.2222222222222	20.6666666666667	20.5555555555556	15.4444444444444	18.2222222222222	20.7222222222222	20.5	19.7222222222222	14.8333333333333	14.6111111111111	20.0555555555556	13.6111111111111	16.5	13.4444444444444	16.7222222222222	15.1666666666667	1	1	1	1	1	1	1	1	1	1	1	1	1	1	1	1	1	1	1	1	1	1
